100931
101020
101042
101068
101172
101265
101341
101403
101477
101503
101585
101696
101721
101757
101825
101921
102007
102191
102341
102422
102566
102706
102825
103061
103132
103233
103363
103423
103493
103540
103595
103668
103815
103991
104132
104290
104419
200191
200303
200402
200499
200544
200598
200684
200724
200790
200858
200990
201077
201131
201311
201350
201423
201525
201579
201616
201721
201756
201823
202032
202122
202233
202304
202464
202601
202640
202721
202788
202945
203001
203065
203272
203413
203640
203915
204048
204129
204313
