100911
100990
101029
101054
101079
101184
101283
101374
101439
101498
101558
101637
101710
101727
101795
101883
101964
102164
102231
102356
102515
102611
102724
103022
103105
103146
103258
103375
103444
103518
103564
103630
103700
103851
104011
104220
104324
200120
200242
200366
200429
200530
200574
200644
200694
200738
200822
200901
201024
201119
201218
201322
201381
201435
201557
201588
201680
201748
201815
201871
202062
202145
202254
202353
202563
202617
202695
202736
202913
202951
203027
203132
203374
203569
203765
203959
204081
204139
