100968
101024
101044
101073
101177
101280
101368
101412
101490
101554
101621
101708
101723
101759
101867
101925
102023
102198
102343
102468
102580
102723
102827
103068
103138
103236
103369
103430
103514
103549
103625
103695
103822
103992
104179
104294
200117
200215
200307
200426
200522
200560
200627
200689
200734
200796
200875
200998
201092
201214
201318
201360
201432
201527
201586
201622
201741
201792
201845
202051
202126
202251
202311
202550
202609
202692
202725
202911
202949
203017
203083
203360
203426
203742
203920
204055
204135
204366
