100917
101009
101032
101057
101154
101207
101315
101376
101442
101500
101578
101649
101712
101741
101809
101895
101967
102177
102276
102391
102538
102692
102766
103028
103106
103164
103266
103413
103456
103526
103569
103657
103711
103882
104033
104223
104365
200137
200246
200376
200451
200534
200580
200650
200699
200763
200840
200903
201047
201121
201244
201328
201412
201458
201570
201591
201681
201749
201817
201891
202081
202158
202269
202448
202570
202619
202703
202738
202917
202966
203050
203189
203378
203608
203820
203981
204112
204224
