100926
101010
101033
101064
101158
101208
101336
101397
101456
101502
101581
101688
101716
101754
101813
101908
101971
102189
102328
102408
102549
102697
102788
103046
103112
103209
103270
103421
103484
103527
103572
103660
103747
103922
104055
104253
104399
200179
200250
200396
200467
200536
200582
200675
200702
200776
200850
200968
201073
201128
201264
201341
201415
201492
201576
201594
201698
201755
201820
202018
202120
202178
202270
202459
202588
202633
202711
202772
202941
202992
203063
203235
203400
203635
203832
204030
204124
204266
